image: ros_map_thin.pgm
resolution: 0.01185
origin: [-2.412000, -3.453000, 0.000000]
negate: 0
occupied_thresh: 0.65
free_thresh: 0.196